[gd_scene load_steps=46 format=3 uid="uid://blgnpk61vbef4"]

[ext_resource type="PackedScene" uid="uid://bi7lqj8b1xefg" path="res://auto_door.tscn" id="2_k3mmv"]
[ext_resource type="Material" uid="uid://um2rf3mttrd4" path="res://Textures/dungeon_floors.tres" id="3_mws0n"]
[ext_resource type="Material" uid="uid://dnrikdttf3n5t" path="res://Textures/dungeon_walls.tres" id="4_hacfn"]
[ext_resource type="PackedScene" uid="uid://djc4bao8ntfk2" path="res://MovingPlatform.tscn" id="4_ram5n"]
[ext_resource type="Texture2D" uid="uid://bx7p4if3qihre" path="res://wood_2_64_.png" id="4_yvl2o"]
[ext_resource type="PackedScene" uid="uid://da7uc6l3gvjq1" path="res://action_player.tscn" id="5_aut6f"]
[ext_resource type="PackedScene" uid="uid://ja3vnixww6jc" path="res://lever.tscn" id="6_twn38"]
[ext_resource type="Script" uid="uid://dog5tek13ypnw" path="res://game_manager.gd" id="7_k3mmv"]
[ext_resource type="PackedScene" uid="uid://cok33xlk3v2p8" path="res://boss_door.tscn" id="8_v5sjs"]
[ext_resource type="PackedScene" uid="uid://tn4n755wer20" path="res://Inventory/Items/boots.tscn" id="9_dfcf1"]
[ext_resource type="PackedScene" uid="uid://d4c0ja7e01arr" path="res://Inventory/Items/health_potion.tscn" id="10_dlw0b"]
[ext_resource type="PackedScene" uid="uid://dha1f6hkx3vxo" path="res://Inventory/Items/katana.tscn" id="11_s3irh"]
[ext_resource type="PackedScene" uid="uid://b56eyuxlbyrbt" path="res://Inventory/Items/stam_potion.tscn" id="12_01u4i"]
[ext_resource type="PackedScene" uid="uid://qw4msau711m" path="res://Inventory/Items/steel_axe.tscn" id="13_y8hge"]
[ext_resource type="PackedScene" uid="uid://bad74nx0no6g8" path="res://TargetDummy/target_dummy.tscn" id="14_e28wv"]
[ext_resource type="PackedScene" uid="uid://qecl2v8bvlbt" path="res://Enemy/enemy.tscn" id="15_08q0y"]
[ext_resource type="PackedScene" uid="uid://dwmetnp1bbxu" path="res://Enemy/enemy_manager.tscn" id="16_d4y1b"]
[ext_resource type="PackedScene" uid="uid://brocav0rddv6" path="res://stats-and-combat/Collectible/choice_tray_spawn.tscn" id="17_gswlp"]
[ext_resource type="PackedScene" uid="uid://df4jfksjg3dw7" path="res://Inventory/Items/quiver.tscn" id="19_gswlp"]
[ext_resource type="PackedScene" uid="uid://cb8kdmf7xyq8m" path="res://Inventory/Items/leather_tunic.tscn" id="20_mws0n"]
[ext_resource type="PackedScene" uid="uid://b36lvuxlj3wmg" path="res://Inventory/Items/armor_potion.tscn" id="21_hacfn"]
[ext_resource type="PackedScene" uid="uid://dg2rjb8lw5wwa" path="res://Inventory/Items/viking_helmet.tscn" id="22_yvl2o"]
[ext_resource type="PackedScene" uid="uid://byyd64cxpx5fv" path="res://Inventory/Items/tnt_bag.tscn" id="23_scpje"]
[ext_resource type="PackedScene" uid="uid://dlv5otj1bfse8" path="res://Inventory/Items/wooden_bow.tscn" id="24_d4y1b"]
[ext_resource type="PackedScene" uid="uid://dc0c3b21pouhy" path="res://Inventory/Items/crossbow.tscn" id="25_d4y1b"]
[ext_resource type="PackedScene" uid="uid://ca4rbv2mvnwri" path="res://Inventory/Items/iron_sword.tscn" id="25_gswlp"]
[ext_resource type="PackedScene" uid="uid://dgx5gf2x7853m" path="res://transport_level_area.tscn" id="26_mws0n"]
[ext_resource type="PackedScene" uid="uid://clerkr85kk6ww" path="res://Boss/boss_room.tscn" id="27_hacfn"]
[ext_resource type="PackedScene" uid="uid://cy2rc2o0pkeh6" path="res://tourch.tscn" id="28_hacfn"]

[sub_resource type="Curve3D" id="Curve3D_k3mmv"]
resource_local_to_scene = true
_data = {
"points": PackedVector3Array(0, 0, 0, 0, 0, 0, -0.09288025, 5.722046e-05, 0.04038143, 0, 0, 0, 0, 0, 0, -0.007171631, 5.722046e-05, -19.97257),
"tilts": PackedFloat32Array(0, 0)
}
point_count = 2

[sub_resource type="Curve3D" id="Curve3D_v5sjs"]
resource_local_to_scene = true
_data = {
"points": PackedVector3Array(0, 0, 0, 0, 0, 0, -0.051071167, 1.5258789e-05, 0.07060051, 0, 0, 0, 0, 0, 0, -0.093925476, 1.5258789e-05, 20.040699),
"tilts": PackedFloat32Array(0, 0)
}
point_count = 2

[sub_resource type="Curve3D" id="Curve3D_tj8me"]
resource_local_to_scene = true
_data = {
"points": PackedVector3Array(0, 0, 0, 0, 0, 0, 0.01864624, 5.340576e-05, 0.06090069, 0, 0, 0, 0, 0, 0, -0.06706238, 5.340576e-05, -20.252031),
"tilts": PackedFloat32Array(0, 0)
}
point_count = 2

[sub_resource type="ProceduralSkyMaterial" id="ProceduralSkyMaterial_s6xw7"]
sky_horizon_color = Color(0.662243, 0.671743, 0.686743, 1)
ground_horizon_color = Color(0.662243, 0.671743, 0.686743, 1)

[sub_resource type="Sky" id="Sky_vg0gq"]
sky_material = SubResource("ProceduralSkyMaterial_s6xw7")

[sub_resource type="Environment" id="Environment_xftbl"]
background_mode = 2
sky = SubResource("Sky_vg0gq")
tonemap_mode = 2
glow_enabled = true

[sub_resource type="StandardMaterial3D" id="StandardMaterial3D_scpje"]
albedo_texture = ExtResource("4_yvl2o")

[sub_resource type="StandardMaterial3D" id="StandardMaterial3D_ubyo5"]
albedo_texture = ExtResource("4_yvl2o")

[sub_resource type="StandardMaterial3D" id="StandardMaterial3D_wfody"]
albedo_texture = ExtResource("4_yvl2o")

[sub_resource type="StandardMaterial3D" id="StandardMaterial3D_mk4um"]
albedo_texture = ExtResource("4_yvl2o")

[sub_resource type="StandardMaterial3D" id="StandardMaterial3D_v6iva"]
albedo_texture = ExtResource("4_yvl2o")

[sub_resource type="Curve3D" id="Curve3D_mx8re"]
resource_local_to_scene = true
_data = {
"points": PackedVector3Array(0, 0, 0, 0, 0, 0, -0.03464508, 0.07579243, -4.196167e-05, 0, 0, 0, 0, 0, 0, 0.08207321, 7.7668676, -4.196167e-05),
"tilts": PackedFloat32Array(0, 0)
}
point_count = 2

[sub_resource type="Curve3D" id="Curve3D_ram5n"]
resource_local_to_scene = true
_data = {
"points": PackedVector3Array(0, 0, 0, 0, 0, 0, 0.00819397, 0.18786335, 1.9073486e-05, 0, 0, 0, 0, 0, 0, -0.018989563, 7.2036276, 0.82231903),
"tilts": PackedFloat32Array(0, 0)
}
point_count = 2

[sub_resource type="Curve3D" id="Curve3D_twn38"]
resource_local_to_scene = true
_data = {
"points": PackedVector3Array(0, 0, 0, 0, 0, 0, -0.017332077, -0.039956093, 1.9073486e-05, 0, 0, 0, 0, 0, 0, -0.20518303, 27.53615, 1.9073486e-05),
"tilts": PackedFloat32Array(0, 0)
}
point_count = 2

[sub_resource type="Curve3D" id="Curve3D_mws0n"]
resource_local_to_scene = true
_data = {
"points": PackedVector3Array(0, 0, 0, 0, 0, 0, -0.017332077, -0.039956093, 1.9073486e-05, 0, 0, 0, 0, 0, 0, -0.20518303, 27.53615, 1.9073486e-05),
"tilts": PackedFloat32Array(0, 0)
}
point_count = 2

[sub_resource type="Curve3D" id="Curve3D_lermm"]
resource_local_to_scene = true
_data = {
"points": PackedVector3Array(0, 0, 0, 0, 0, 0, 0.0687561, 2.4795532e-05, -0.0647316, 0, 0, 0, 0, 0, 0, -0.23122406, 2.4795532e-05, 19.991074),
"tilts": PackedFloat32Array(0, 0)
}
point_count = 2

[node name="SandboxLevel" type="Node3D"]

[node name="autoDoor3" parent="." instance=ExtResource("2_k3mmv")]
transform = Transform3D(0.006178463, 0, 0.9999809, 0, 1, 0, -0.9999809, 0, 0.006178463, -16.260014, 2.5841098, -6.2641344)

[node name="autoDoor" parent="." instance=ExtResource("2_k3mmv")]
transform = Transform3D(-0.031742174, 0, -0.9994961, 0, 1, 0, 0.9994961, 0, -0.031742174, 15.576629, 2.4628341, -15.75961)

[node name="autoDoor2" parent="." instance=ExtResource("2_k3mmv")]
transform = Transform3D(-0.99999857, 0, 0.001727989, 0, 1, 0, -0.001727989, 0, -0.99999857, -0.09827316, 2.8104067, 19.931967)

[node name="MovingPlatform7" parent="." instance=ExtResource("4_ram5n")]
transform = Transform3D(1, 0, 0, 0, 1, 0, 0, 0, 1, -75.38147, 27.330265, 3.4090881)
curve = SubResource("Curve3D_k3mmv")

[node name="MovingPlatform6" parent="." instance=ExtResource("4_ram5n")]
transform = Transform3D(1, 0, 0, 0, 1, 0, 0, 0, 1, -71.00929, 27.329453, -16.762646)
curve = SubResource("Curve3D_v5sjs")

[node name="MovingPlatform5" parent="." instance=ExtResource("4_ram5n")]
transform = Transform3D(1, 0, 0, 0, 1, 0, 0, 0, 1, -66.66502, 27.332954, 3.3885689)
curve = SubResource("Curve3D_tj8me")

[node name="WorldEnvironment" type="WorldEnvironment" parent="."]
environment = SubResource("Environment_xftbl")

[node name="DirectionalLight3D" type="DirectionalLight3D" parent="."]
transform = Transform3D(-0.8660253, -0.4330129, 0.2500001, 0, 0.49999994, 0.86602545, -0.50000024, 0.74999994, -0.43301257, 0, 7.5610385, 0)
shadow_enabled = true

[node name="Room Climbing Light" type="DirectionalLight3D" parent="."]
transform = Transform3D(1, 0, 0, 0, 1.19249e-08, 1, 0, -1, 1.19249e-08, 43.1759, 25.1829, -10.4258)
visible = false
light_color = Color(0.105882, 1, 1, 1)
light_energy = 0.835
sky_mode = 1

[node name="Room Climbing Light2" type="DirectionalLight3D" parent="."]
transform = Transform3D(1, 0, 0, 0, 1.19249e-08, 1, 0, -1, 1.19249e-08, -1.43971, 26.0083, 48.5937)
visible = false
light_color = Color(3.43783, 0, 0, 1)
light_energy = 0.01
sky_mode = 1

[node name="Room Climbing Light3" type="DirectionalLight3D" parent="."]
transform = Transform3D(1, 0, 0, 0, 1.19249e-08, 1, 0, -1, 1.19249e-08, -66.8765, 52.6327, -5.89095)
visible = false
light_color = Color(5.0949e-05, 2.09887, 7.23536e-06, 1)
light_energy = 0.01
sky_mode = 1

[node name="Floor(HUB)" type="CSGBox3D" parent="."]
transform = Transform3D(1, 0, 0, 0, 1, 0, 0, 0, 1, -0.306146, -0.496328, -8.97349)
material_override = ExtResource("3_mws0n")
use_collision = true
size = Vector3(32.5264, 1, 59.9478)

[node name="Floor(HUB)2" type="CSGBox3D" parent="."]
transform = Transform3D(1, 0, 0, 0, 1, 0, 0, 0, 1, -0.225637, 30.6076, -9.30072)
material_override = ExtResource("4_hacfn")
use_collision = true
size = Vector3(32.4219, 1, 59.2914)

[node name="Floor(climbing)" type="CSGBox3D" parent="."]
transform = Transform3D(1, 0, 0, 0, 1, 0, 0, 0, 1, 42.3465, -0.496328, -10.2654)
material_override = ExtResource("3_mws0n")
use_collision = true
size = Vector3(53.1047, 1, 42.1461)

[node name="Floor(climbing)2" type="CSGBox3D" parent="."]
transform = Transform3D(1, 0, 0, 0, 1, 0, 0, 0, 1, 41.5646, 7.24405, -26.9324)
material_override = SubResource("StandardMaterial3D_scpje")
use_collision = true
size = Vector3(21.4668, 1, 7.08195)

[node name="Floor(climbing)3" type="CSGBox3D" parent="."]
transform = Transform3D(1, 0, 0, 0, 1, 0, 0, 0, 1, 57.3142, 14.224, -27.9479)
material_override = SubResource("StandardMaterial3D_ubyo5")
use_collision = true
size = Vector3(21.4668, 1, 7.08195)

[node name="Floor(climbing)6" type="CSGBox3D" parent="."]
transform = Transform3D(0.928687, 0.370865, 0, -0.370865, 0.928687, 0, 0, 0, 1, 58.2556, 16.4744, -9.05348)
material_override = SubResource("StandardMaterial3D_wfody")
use_collision = true
size = Vector3(11.1444, 0.355469, 4.95211)

[node name="Floor(climbing)4" type="CSGBox3D" parent="."]
transform = Transform3D(-4.37114e-08, 0, 1, 0, 1, 0, -1, 0, -4.37114e-08, 64.3851, 14.224, -14.8483)
material_override = SubResource("StandardMaterial3D_mk4um")
use_collision = true
size = Vector3(21.4668, 1, 7.08195)

[node name="Floor(climbing)5" type="CSGBox3D" parent="."]
transform = Transform3D(-4.37114e-08, 0, 1, 0, 1, 0, -1, 0, -4.37114e-08, 46.5572, 18.2127, -3.12212)
material_override = SubResource("StandardMaterial3D_v6iva")
use_collision = true
size = Vector3(24.2203, 1, 13.2646)

[node name="ceiling(climbing)" type="CSGBox3D" parent="."]
transform = Transform3D(1, 0, 0, 0, 1, 0, 0, 0, 1, 42.3465, 27.4678, -10.2654)
material_override = ExtResource("4_hacfn")
use_collision = true
size = Vector3(53.1047, 1, 42.1461)

[node name="wall (climbing)1" type="CSGBox3D" parent="."]
transform = Transform3D(-4.37114e-08, -1, 0, 1, -4.37114e-08, 0, 0, 0, 1, 68.3067, 14.269, -10.2788)
material_override = ExtResource("4_hacfn")
use_collision = true
size = Vector3(30.2405, 1, 42.1461)

[node name="wall (climbing)2" type="CSGBox3D" parent="."]
transform = Transform3D(1.91069e-15, 4.37114e-08, 1, 1, -4.37114e-08, 0, 4.37114e-08, 1, -4.37114e-08, 42.1964, 14.3264, -30.6805)
material_override = ExtResource("4_hacfn")
use_collision = true
size = Vector3(30.1258, 1, 52.7113)

[node name="wall (climbing)3" type="CSGBox3D" parent="."]
transform = Transform3D(1.91069e-15, 4.37114e-08, 1, 1, -4.37114e-08, 0, 4.37114e-08, 1, -4.37114e-08, 41.879, 14.2236, 9.25628)
material_override = ExtResource("4_hacfn")
use_collision = true
size = Vector3(30.3314, 1, 52.7113)

[node name="wall (climbing ) 4" type="CSGBox3D" parent="."]
transform = Transform3D(0.999847, 0.0148761, -0.00917707, -0.0148012, 0.999857, 0.00817494, 0.00929735, -0.00803788, 0.999924, 15.8301, 14.9991, -28.0574)
material_override = ExtResource("4_hacfn")
use_collision = true
size = Vector3(0.679565, 31.6179, 21.7597)

[node name="wall (climbing ) 5" type="CSGBox3D" parent="."]
transform = Transform3D(0.999847, 0.0148761, -0.00917707, -0.0148012, 0.999857, 0.00817494, 0.00929735, -0.00803788, 0.999924, 15.5476, 15.2507, 2.71942)
material_override = ExtResource("4_hacfn")
use_collision = true
size = Vector3(0.679565, 31.6179, 34.5698)

[node name="wall (climbing ) 6" type="CSGBox3D" parent="."]
transform = Transform3D(0.999847, 0.0148761, -0.00917707, -0.0148012, 0.999857, 0.00817494, 0.00929735, -0.00803788, 0.999924, 15.7592, 17.8739, -15.8646)
material_override = ExtResource("4_hacfn")
use_collision = true
size = Vector3(0.679565, 26.0672, 2.93485)

[node name="Floor(spikes)" type="CSGBox3D" parent="."]
transform = Transform3D(1, 0, 0, 0, 1, 0, 0, 0, 1, -2.388, -0.497, 40.673)
material_override = ExtResource("3_mws0n")
use_collision = true
size = Vector3(55.4169, 1, 45.8258)

[node name="Floor(spikes)2" type="CSGBox3D" parent="."]
transform = Transform3D(1, 0, 0, 0, 1, 0, 0, 0, 1, -3.44181, 30.8786, 41.7056)
material_override = ExtResource("4_hacfn")
use_collision = true
size = Vector3(53.3085, 1, 43.7612)

[node name="wall (spikes)1" type="CSGBox3D" parent="."]
transform = Transform3D(1, 0, 0, 0, 1, 0, 0, 0, 1, 12.1792, 15.4035, 19.9974)
material_override = ExtResource("4_hacfn")
use_collision = true
size = Vector3(21.2273, 31.9193, 0.784054)

[node name="wall (spikes)2" type="CSGBox3D" parent="."]
transform = Transform3D(1, 0, 0, 0, 1, 0, 0, 0, 1, -15.635, 15.4035, 19.9974)
material_override = ExtResource("4_hacfn")
use_collision = true
size = Vector3(29.1405, 31.9193, 0.784054)

[node name="wall (spikes)3" type="CSGBox3D" parent="."]
transform = Transform3D(1, 0, 0, 0, 1, 0, 0, 0, 1, 0.187739, 18.4517, 19.9974)
material_override = ExtResource("4_hacfn")
use_collision = true
size = Vector3(3.08577, 25.8228, 0.784054)

[node name="wall(spikes) 2" type="CSGBox3D" parent="."]
transform = Transform3D(1, 0, 0, 0, 1, 0, 0, 0, 1, -3.36774, 15.1896, 63.1247)
material_override = ExtResource("4_hacfn")
use_collision = true
size = Vector3(53.7113, 32.347, 0.784054)

[node name="wall (spikes) 3" type="CSGBox3D" parent="."]
transform = Transform3D(-4.37114e-08, 0, 1, 0, 1, 0, -1, 0, -4.37114e-08, 22.9722, 15.2365, 41.4372)
material_override = ExtResource("4_hacfn")
use_collision = true
size = Vector3(43.5898, 32.2532, 0.784054)

[node name="wall(spikes ) 4" type="CSGBox3D" parent="."]
transform = Transform3D(-4.37114e-08, 0, 1, 0, 1, 0, -1, 0, -4.37114e-08, -29.7922, 15.2705, 41.4372)
material_override = ExtResource("4_hacfn")
use_collision = true
size = Vector3(43.5898, 32.1854, 0.784054)

[node name="Floor(bow room)" type="CSGBox3D" parent="."]
transform = Transform3D(1, 0, 0, 0, 1, 0, 0, 0, 1, -56.83509, -0.52172816, -6.4130106)
material_override = ExtResource("3_mws0n")
use_collision = true
size = Vector3(81.194, 1, 25.7121)

[node name="Floor(bow room)2" type="CSGBox3D" parent="."]
transform = Transform3D(1, 0, 0, 0, 1, 0, 0, 0, 1, -56.8444, 53.5989, -6.57841)
material_override = ExtResource("4_hacfn")
use_collision = true
size = Vector3(81.194, 1, 25.7121)

[node name="wall (bow room) 1" type="CSGBox3D" parent="."]
transform = Transform3D(1, 0, 0, 0, -4.37114e-08, -1, 0, 1, -4.37114e-08, -56.8874, 26.4005, -19.3142)
material_override = ExtResource("4_hacfn")
use_collision = true
size = Vector3(81.0577, 1, 55.0102)

[node name="wall (bow room) 2" type="CSGBox3D" parent="."]
transform = Transform3D(1, 0, 0, 0, -4.37114e-08, -1, 0, 1, -4.37114e-08, -56.8874, 26.4005, 6.0116)
material_override = ExtResource("4_hacfn")
use_collision = true
size = Vector3(81.0577, 1, 55.0102)

[node name="wall (bow room) 3" type="CSGBox3D" parent="."]
transform = Transform3D(-4.37114e-08, -1, 0, -4.37114e-08, 1.91069e-15, -1, 1, -4.37114e-08, -4.37114e-08, -96.7662, 26.4005, -6.52734)
material_override = ExtResource("4_hacfn")
use_collision = true
size = Vector3(26.5069, 1, 55.0102)

[node name="Floor 2nd(bow room)" type="CSGBox3D" parent="."]
transform = Transform3D(1, 0, 0, 0, 1, 0, 0, 0, 1, -46.3659, 26.9184, -6.35148)
material_override = ExtResource("3_mws0n")
use_collision = true
size = Vector3(27.1135, 1, 25.7121)

[node name="Floor 2nd(bow room)3" type="CSGBox3D" parent="."]
transform = Transform3D(-4.37114e-08, -1, 0, 1, -4.37114e-08, 0, 0, 0, 1, -33.3769, 12.8867, -6.35148)
material_override = ExtResource("4_hacfn")
use_collision = true
size = Vector3(27.4313, 1, 25.7121)

[node name="Floor 2nd(bow room)4" type="CSGBox3D" parent="."]
transform = Transform3D(-4.37114e-08, -1, 0, 1, -4.37114e-08, 0, 0, 0, 1, -59.3074, 12.8867, -6.35148)
material_override = ExtResource("4_hacfn")
use_collision = true
size = Vector3(27.4313, 1, 25.7121)

[node name="Floor 2nd(bow room)5" type="CSGBox3D" parent="."]
transform = Transform3D(-4.37114e-08, -1, 0, 1, -4.37114e-08, 0, 0, 0, 1, -78.3138, 12.8867, -6.35148)
material_override = ExtResource("4_hacfn")
use_collision = true
size = Vector3(27.4313, 1, 25.7121)

[node name="Floor 2nd(bow room)2" type="CSGBox3D" parent="."]
transform = Transform3D(1, 0, 0, 0, 1, 0, 0, 0, 1, -87.5779, 26.9184, -6.35148)
material_override = ExtResource("3_mws0n")
use_collision = true
size = Vector3(19.7984, 1, 25.7121)

[node name="Player" parent="." instance=ExtResource("5_aut6f")]
transform = Transform3D(1, 0, 0, 0, 1, 0, 0, 0, 1, 1.4288101, 1.003673, -11.865143)

[node name="wall2" type="CSGBox3D" parent="."]
transform = Transform3D(1, 0, 0, 0, 1, 0, 0, 0, 1, -9.0815, 14.9505, -38.3486)
material_override = ExtResource("4_hacfn")
use_collision = true
size = Vector3(14.7485, 31.8346, 0.792239)

[node name="wall6" type="CSGBox3D" parent="."]
transform = Transform3D(1, 0, 0, 0, 1, 0, 0, 0, 1, 8.45279, 14.9505, -38.3486)
material_override = ExtResource("4_hacfn")
use_collision = true
size = Vector3(14.7485, 31.8346, 0.792239)

[node name="wall7" type="CSGBox3D" parent="."]
transform = Transform3D(1, 0, 0, 0, 1, 0, 0, 0, 1, -0.346926, 19.0849, -38.3486)
material_override = ExtResource("4_hacfn")
use_collision = true
size = Vector3(3.24516, 23.5658, 0.792239)

[node name="wall3" type="CSGBox3D" parent="."]
transform = Transform3D(1, 0, 0, 0, 1, 0, 0, 0, 1, -16.2714, 26.4254, 7.43971)
material_override = ExtResource("4_hacfn")
use_collision = true
size = Vector3(0.437104, 54.6404, 24.8581)

[node name="wall4" type="CSGBox3D" parent="."]
transform = Transform3D(1, 0, 0, 0, 1, 0, 0, 0, 1, -16.2714, 26.4254, -23.0316)
material_override = ExtResource("4_hacfn")
use_collision = true
size = Vector3(0.437104, 54.6404, 30.6274)

[node name="wall5" type="CSGBox3D" parent="."]
transform = Transform3D(1, 0, 0, 0, 1, 0, 0, 0, 1, -16.2714, 29.4856, -6.38175)
material_override = ExtResource("4_hacfn")
use_collision = true
size = Vector3(0.43710363, 48.519882, 4.433646)

[node name="MovingPlatform" parent="." instance=ExtResource("4_ram5n")]
transform = Transform3D(1, 0, 0, 0, 1, 0, 0, 0, 1, 32.850044, -0.051130295, -21.389973)
curve = SubResource("Curve3D_mx8re")

[node name="MovingPlatform2" parent="." instance=ExtResource("4_ram5n")]
transform = Transform3D(1, 0, 0, 0, 1, 0, 0, 0, 1, 44.558254, 7.484063, -28.082539)
curve = SubResource("Curve3D_ram5n")

[node name="MovingPlatform3" parent="." instance=ExtResource("4_ram5n")]
transform = Transform3D(1, 0, 0, 0, 1, 0, 0, 0, 1, -30.915695, -0.03692317, -6.9576607)
curve = SubResource("Curve3D_twn38")

[node name="MovingPlatform8" parent="." instance=ExtResource("4_ram5n")]
transform = Transform3D(1, 0, 0, 0, 1, 0, 0, 0, 1, -61.959904, -0.03692317, -16.645515)
curve = SubResource("Curve3D_mws0n")

[node name="MovingPlatform4" parent="." instance=ExtResource("4_ram5n")]
transform = Transform3D(1, 0, 0, 0, 1, 0, 0, 0, 1, -62.12972, 27.285498, -16.755875)
curve = SubResource("Curve3D_lermm")

[node name="Lever(RM1)" parent="." instance=ExtResource("6_twn38")]
transform = Transform3D(-4.371139e-08, 0, 1, 0, 1, 0, -1, 0, -4.371139e-08, 41.906567, 19.23514, -5.449171)

[node name="Lever(RM2)" parent="." instance=ExtResource("6_twn38")]
transform = Transform3D(-1, 0, -8.742278e-08, 0, 1, 0, 8.742278e-08, 0, -1, -3.901048, 0.55653906, 48.70838)

[node name="Lever(RM3)" parent="." instance=ExtResource("6_twn38")]
transform = Transform3D(-4.371139e-08, 0, 1, 0, 1, 0, -1, 0, -4.371139e-08, -95.06958, 27.921413, -6.550361)

[node name="GameManager" type="Node3D" parent="."]
script = ExtResource("7_k3mmv")

[node name="BossDoor" parent="." instance=ExtResource("8_v5sjs")]
transform = Transform3D(-0.99999106, 0, 0.004223697, 0, 1, 0, -0.004223697, 0, -0.99999106, -0.33317184, 6.676387, -38.334557)

[node name="Boots" parent="." instance=ExtResource("9_dfcf1")]
transform = Transform3D(1, 0, 0, 0, 1, 0, 0, 0, 1, 6.889364, 0.3254315, -6.197724)

[node name="Health Potion" parent="." instance=ExtResource("10_dlw0b")]
transform = Transform3D(1, 0, 0, 0, 1, 0, 0, 0, 1, 7.0541053, 0.09704931, -3.4145184)

[node name="Katana" parent="." instance=ExtResource("11_s3irh")]
transform = Transform3D(1, 0, 0, 0, 1, 0, 0, 0, 1, 5.7591987, 0.83865863, 3.9904728)

[node name="stam_potion" parent="." instance=ExtResource("12_01u4i")]
transform = Transform3D(1, 0, 0, 0, 1, 0, 0, 0, 1, 4.621164, 0.4252542, 8.505438)

[node name="steel_axe" parent="." instance=ExtResource("13_y8hge")]
transform = Transform3D(1, 0, 0, 0, 1, 0, 0, 0, 1, -0.75495183, 1.0000465, 10.977663)

[node name="TargetDummy" parent="." instance=ExtResource("14_e28wv")]
transform = Transform3D(1, 0, 0, 0, 1, 0, 0, 0, 1, 10.573447, 0.27923727, -30.366507)

[node name="TargetDummy2" parent="." instance=ExtResource("14_e28wv")]
transform = Transform3D(1, 0, 0, 0, 1, 0, 0, 0, 1, 6.3069596, 0.27923822, -32.046265)

[node name="TargetDummy3" parent="." instance=ExtResource("14_e28wv")]
transform = Transform3D(1, 0, 0, 0, 1, 0, 0, 0, 1, 11.763877, 0.27923918, -26.342947)

[node name="Enemy" parent="." node_paths=PackedStringArray("manager") instance=ExtResource("15_08q0y")]
transform = Transform3D(-0.24794602, 0, 0.96877384, 0, 1, 0, -0.96877384, 0, -0.24794602, 57.488586, 0.00449723, -19.183952)
manager = NodePath("../EnemyManager")
move_speed = 150.0
attack_range = 5.0

[node name="Enemy4" parent="." node_paths=PackedStringArray("manager") instance=ExtResource("15_08q0y")]
transform = Transform3D(-0.030904874, 0, 0.9995223, 0, 1, 0, -0.9995223, 0, -0.030904874, 47.85578, 8.767481, -26.32984)
manager = NodePath("../EnemyManager")
type = 1
move_speed = 0.0
attack_range = 12.0

[node name="Enemy2" parent="." node_paths=PackedStringArray("manager") instance=ExtResource("15_08q0y")]
transform = Transform3D(1, 0, 0, 0, 1, 0, 0, 0, 1, 53.816124, 0.00449723, 2.9117527)
manager = NodePath("../EnemyManager")
type = 1
move_speed = 30.0
attack_range = 12.0

[node name="Enemy3" parent="." node_paths=PackedStringArray("manager") instance=ExtResource("15_08q0y")]
transform = Transform3D(1, 0, 0, 0, 1, 0, 0, 0, 1, 41.663914, 0.0044991374, 2.7859087)
manager = NodePath("../EnemyManager")
attack_range = 5.0

[node name="EnemyManager" parent="." instance=ExtResource("16_d4y1b")]
transform = Transform3D(1, 0, 0, 0, 1, 0, 0, 0, 1, 38.490646, 0.0036720037, -4.666507)

[node name="Choice_Tray_Spawn" parent="." instance=ExtResource("17_gswlp")]
transform = Transform3D(-4.371139e-08, 0, 1, 0, 1, 0, -1, 0, -4.371139e-08, 21.988691, 0.0036720037, -9.08746)

[node name="Enemy5" parent="." node_paths=PackedStringArray("manager") instance=ExtResource("15_08q0y")]
transform = Transform3D(0.6765933, 0, -0.7363569, 0, 1, 0, 0.7363569, 0, 0.6765933, -29.723213, 0.00449723, -0.6265011)
manager = NodePath("../EnemyManager2")
type = 1
move_speed = 0.0
attack_range = 12.0

[node name="Enemy7" parent="." node_paths=PackedStringArray("manager") instance=ExtResource("15_08q0y")]
transform = Transform3D(0.6765933, 0, -0.7363569, 0, 1, 0, 0.7363569, 0, 0.6765933, -51.721714, 27.4184, -0.009478569)
manager = NodePath("../EnemyManager2")
attack_range = 5.0

[node name="Enemy8" parent="." node_paths=PackedStringArray("manager") instance=ExtResource("15_08q0y")]
transform = Transform3D(0.6765933, 0, -0.7363569, 0, 1, 0, 0.7363569, 0, 0.6765933, -75.17096, 27.4184, 3.087041)
manager = NodePath("../EnemyManager2")
type = 1
move_speed = 0.0
attack_range = 12.0
attack_cooldown = 1.0

[node name="Enemy6" parent="." node_paths=PackedStringArray("manager") instance=ExtResource("15_08q0y")]
transform = Transform3D(-0.37530228, 0, -0.9269025, 0, 1, 0, 0.9269025, 0, -0.37530228, -30.217426, 0.0044962764, -14.145105)
manager = NodePath("../EnemyManager2")
type = 1
move_speed = 0.0
attack_range = 12.0

[node name="EnemyManager2" parent="." instance=ExtResource("16_d4y1b")]
transform = Transform3D(1, 0, 0, 0, 1, 0, 0, 0, 1, -22.742676, 0.0036720037, 2.280415)

[node name="Choice_Tray_Spawn2" parent="." instance=ExtResource("17_gswlp")]
transform = Transform3D(-4.371139e-08, 0, 1, 0, 1, 0, -1, 0, -4.371139e-08, -19.68254, 0.00367105, -7.3419895)

[node name="Choice_Tray_Spawn3" parent="." instance=ExtResource("17_gswlp")]
transform = Transform3D(-1, 0, -8.742278e-08, 0, 1, 0, 8.742278e-08, 0, -1, -0.9813962, 0.0036729574, 23.99869)

[node name="Enemy9" parent="." node_paths=PackedStringArray("manager") instance=ExtResource("15_08q0y")]
transform = Transform3D(1, 0, 0, 0, 1, 0, 0, 0, 1, 3.4771342, 0.0044981837, 35.331783)
manager = NodePath("../EnemyManager3")
attack_range = 5.0

[node name="Enemy10" parent="." node_paths=PackedStringArray("manager") instance=ExtResource("15_08q0y")]
transform = Transform3D(1, 0, 0, 0, 1, 0, 0, 0, 1, -8.065382, 0.0044981837, 35.331783)
manager = NodePath("../EnemyManager3")
attack_range = 5.0

[node name="Enemy11" parent="." node_paths=PackedStringArray("manager") instance=ExtResource("15_08q0y")]
transform = Transform3D(1, 0, 0, 0, 1, 0, 0, 0, 1, -8.065382, 0.0044981837, 48.0681)
manager = NodePath("../EnemyManager3")
type = 1
attack_range = 12.0

[node name="EnemyManager3" parent="." instance=ExtResource("16_d4y1b")]
transform = Transform3D(1, 0, 0, 0, 1, 0, 0, 0, 1, 14.436344, 0.00367105, 23.442898)

[node name="Quiver" parent="." instance=ExtResource("19_gswlp")]
transform = Transform3D(1, 0, 0, 0, 1, 0, 0, 0, 1, 6.11054, 0.9764857, 26.045555)

[node name="Leather_Tunic" parent="." instance=ExtResource("20_mws0n")]
transform = Transform3D(1, 0, 0, 0, 1, 0, 0, 0, 1, 2.6156974, 0.649113, 48.14484)

[node name="stam_potion2" parent="." instance=ExtResource("12_01u4i")]
transform = Transform3D(1, 0, 0, 0, 1, 0, 0, 0, 1, -18.688465, 0.42525372, -16.371655)

[node name="Health Potion2" parent="." instance=ExtResource("10_dlw0b")]
transform = Transform3D(1, 0, 0, 0, 1, 0, 0, 0, 1, -21.27251, 0.09704788, -16.309177)

[node name="Armor Potion" parent="." instance=ExtResource("21_hacfn")]
transform = Transform3D(1, 0, 0, 0, 1, 0, 0, 0, 1, -24.188797, 0.012420237, -16.074617)

[node name="viking_helmet" parent="." instance=ExtResource("22_yvl2o")]
transform = Transform3D(1, 0, 0, 0, 1, 0, 0, 0, 1, -70.928, 27.93049, -16.538893)

[node name="TNT_Bag" parent="." instance=ExtResource("23_scpje")]
transform = Transform3D(1, 0, 0, 0, 1, 0, 0, 0, 1, 43.683434, 0.88919955, -27.154713)

[node name="Health Potion3" parent="." instance=ExtResource("10_dlw0b")]
transform = Transform3D(1, 0, 0, 0, 1, 0, 0, 0, 1, 42.56157, 0.09704979, -28.176828)

[node name="stam_potion3" parent="." instance=ExtResource("12_01u4i")]
transform = Transform3D(1, 0, 0, 0, 1, 0, 0, 0, 1, 42.055363, 19.134281, 3.8329363)

[node name="wooden_bow" parent="." instance=ExtResource("24_d4y1b")]
transform = Transform3D(1, 0, 0, 0, 1, 0, 0, 0, 1, -12.957462, 0.99052435, 26.029543)

[node name="iron_sword" parent="." instance=ExtResource("25_gswlp")]
transform = Transform3D(0.23783842, 0, 0.9713047, 0, 1, 0, -0.9713047, 0, 0.23783842, 41.86578, 19.095678, -1.2995739)

[node name="Crossbow2" parent="." instance=ExtResource("25_d4y1b")]
transform = Transform3D(1, 0, 0, 0, 1, 0, 0, 0, 1, 41.86957, 18.988705, -11.9506)

[node name="TransportLevelArea" parent="." instance=ExtResource("26_mws0n")]
transform = Transform3D(1, 0, 0, 0, 1, 0, 0, 0, 1, -2.2699203, -0.46950555, -44.08544)
scene_to_load = ExtResource("27_hacfn")

[node name="CSGBox3D" type="CSGBox3D" parent="."]
transform = Transform3D(1, 0, 0, 0, 1, 0, 0, 0, 1, -2.2699203, -0.2680428, -44.08544)
material_override = ExtResource("3_mws0n")
use_collision = true
size = Vector3(14.263367, 1, 9.684326)

[node name="CSGBox3D5" type="CSGBox3D" parent="."]
transform = Transform3D(1, 0, 0, 0, 1, 0, 0, 0, 1, -2.0125961, 7.982522, -44.08544)
material_override = ExtResource("4_hacfn")
use_collision = true
size = Vector3(13.748718, 1, 9.684326)

[node name="CSGBox3D4" type="CSGBox3D" parent="."]
transform = Transform3D(1, 0, 0, 0, 1, 0, 0, 0, 1, -2.0943832, 3.3101683, -48.49871)
material_override = ExtResource("4_hacfn")
use_collision = true
size = Vector3(13.9122925, 8.459961, 0.8577881)

[node name="CSGBox3D2" type="CSGBox3D" parent="."]
transform = Transform3D(1, 0, 0, 0, 1, 0, 0, 0, 1, 3.848671, 3.346301, -44.10595)
material_override = ExtResource("4_hacfn")
use_collision = true
size = Vector3(2.026184, 8.532227, 9.725342)

[node name="CSGBox3D3" type="CSGBox3D" parent="."]
transform = Transform3D(1, 0, 0, 0, 1, 0, 0, 0, 1, -3.5833454, 3.346301, -41.80401)
material_override = ExtResource("4_hacfn")
use_collision = true
size = Vector3(2.026184, 8.532227, 5.12146)

[node name="CSGBox3D6" type="CSGBox3D" parent="."]
transform = Transform3D(1, 0, 0, 0, 1, 0, 0, 0, 1, -5.974543, 3.346301, -43.869774)
material_override = ExtResource("4_hacfn")
use_collision = true
size = Vector3(6.7865295, 8.532227, 0.9899292)

[node name="iron_sword2" parent="." instance=ExtResource("25_gswlp")]
transform = Transform3D(1, 0, 0, 0, 1, 0, 0, 0, 1, 4.62732, 0.38665068, -5.3887377)

[node name="Tourch" parent="." instance=ExtResource("28_hacfn")]
transform = Transform3D(0.18024452, 0, -0.98362184, 0, 1, 0, 0.98362184, 0, 0.18024452, 14.425562, 3.964369, 0)

[node name="Tourch2" parent="." instance=ExtResource("28_hacfn")]
transform = Transform3D(0.18024452, 0, -0.98362184, 0, 1, 0, 0.98362184, 0, 0.18024452, 14.425562, 3.964369, -23.93511)

[node name="Tourch3" parent="." instance=ExtResource("28_hacfn")]
transform = Transform3D(0.9974595, 0, 0.07123631, 0, 1, 0, -0.07123631, 0, 0.9974595, -5.80046, 3.964369, -37.374275)

[node name="Tourch4" parent="." instance=ExtResource("28_hacfn")]
transform = Transform3D(0.9974595, 0, 0.07123631, 0, 1, 0, -0.07123631, 0, 0.9974595, 5.3371162, 3.964369, -37.374275)

[node name="Tourch5" parent="." instance=ExtResource("28_hacfn")]
transform = Transform3D(-0.13533509, 0, 0.9907999, 0, 1, 0, -0.9907999, 0, -0.13533509, -15.546094, 3.964369, -19.709993)

[node name="Tourch17" parent="." instance=ExtResource("28_hacfn")]
transform = Transform3D(-0.13533509, 0, 0.9907999, 0, 1, 0, -0.9907999, 0, -0.13533509, -32.51976, 3.964369, -12.42304)

[node name="Tourch18" parent="." instance=ExtResource("28_hacfn")]
transform = Transform3D(-0.13533509, 0, 0.9907999, 0, 1, 0, -0.9907999, 0, -0.13533509, -32.51976, 3.964369, -1.6260405)

[node name="Tourch19" parent="." instance=ExtResource("28_hacfn")]
transform = Transform3D(-0.9952308, 0, 0.09754825, 0, 1, 0, -0.09754825, 0, -0.9952308, -47.374474, 30.857788, 4.861027)

[node name="Tourch20" parent="." instance=ExtResource("28_hacfn")]
transform = Transform3D(-0.9952308, 0, 0.09754825, 0, 1, 0, -0.09754825, 0, -0.9952308, -66.46743, 31.152035, 4.861027)

[node name="Tourch21" parent="." instance=ExtResource("28_hacfn")]
transform = Transform3D(-0.9952308, 0, 0.09754825, 0, 1, 0, -0.09754825, 0, -0.9952308, -86.361755, 31.152035, 4.861027)

[node name="Tourch22" parent="." instance=ExtResource("28_hacfn")]
transform = Transform3D(0.99997574, 0, -0.006963834, 0, 1, 0, 0.006963834, 0, 0.99997574, -86.458916, 31.152035, -18.057543)

[node name="Tourch23" parent="." instance=ExtResource("28_hacfn")]
transform = Transform3D(0.99997574, 0, -0.006963834, 0, 1, 0, 0.006963834, 0, 0.99997574, -67.0016, 31.152035, -18.057543)

[node name="Tourch24" parent="." instance=ExtResource("28_hacfn")]
transform = Transform3D(0.99864316, 0, -0.052074537, 0, 1, 0, 0.052074537, 0, 0.99864316, -42.35458, 31.152035, -18.057543)

[node name="Tourch6" parent="." instance=ExtResource("28_hacfn")]
transform = Transform3D(-0.13533509, 0, 0.9907999, 0, 1, 0, -0.9907999, 0, -0.13533509, -15.546094, 3.964369, 7.9580927)

[node name="Tourch25" parent="." instance=ExtResource("28_hacfn")]
transform = Transform3D(-0.9579227, 0, 0.28702623, 0, 1, 0, -0.28702623, 0, -0.9579227, -9.145715, 3.964369, 19.02025)

[node name="Tourch26" parent="." instance=ExtResource("28_hacfn")]
transform = Transform3D(-0.99530387, 0, 0.09680134, 0, 1, 0, -0.09680134, 0, -0.99530387, 8.056601, 3.964369, 18.98659)

[node name="Tourch27" parent="." instance=ExtResource("28_hacfn")]
transform = Transform3D(-0.99530387, 0, 0.09680134, 0, 1, 0, -0.09680134, 0, -0.99530387, 14.601173, 3.964369, 62.1124)

[node name="Tourch28" parent="." instance=ExtResource("28_hacfn")]
transform = Transform3D(-0.99530387, 0, 0.09680134, 0, 1, 0, -0.09680134, 0, -0.99530387, 3.1535454, 3.964369, 62.1124)

[node name="Tourch29" parent="." instance=ExtResource("28_hacfn")]
transform = Transform3D(-0.99530387, 0, 0.09680134, 0, 1, 0, -0.09680134, 0, -0.99530387, -10.4390545, 3.964369, 62.1124)

[node name="Tourch30" parent="." instance=ExtResource("28_hacfn")]
transform = Transform3D(-0.99530387, 0, 0.09680134, 0, 1, 0, -0.09680134, 0, -0.99530387, -21.43961, 3.964369, 62.1124)

[node name="Tourch31" parent="." instance=ExtResource("28_hacfn")]
transform = Transform3D(0.12955727, 0, 0.9915721, 0, 1, 0, -0.9915721, 0, 0.12955727, -28.802505, 3.964369, 52.818726)

[node name="Tourch32" parent="." instance=ExtResource("28_hacfn")]
transform = Transform3D(0.12955727, 0, 0.9915721, 0, 1, 0, -0.9915721, 0, 0.12955727, -28.802505, 3.964369, 39.88069)

[node name="Tourch33" parent="." instance=ExtResource("28_hacfn")]
transform = Transform3D(0.12955727, 0, 0.9915721, 0, 1, 0, -0.9915721, 0, 0.12955727, -28.802505, 3.964369, 28.307339)

[node name="Tourch34" parent="." instance=ExtResource("28_hacfn")]
transform = Transform3D(0.99851215, 0, 0.054531828, 0, 1, 0, -0.054531828, 0, 0.99851215, -19.847881, 3.964369, 21.074154)

[node name="Tourch35" parent="." instance=ExtResource("28_hacfn")]
transform = Transform3D(0.99851215, 0, 0.054531828, 0, 1, 0, -0.054531828, 0, 0.99851215, -8.669864, 3.964369, 21.074154)

[node name="Tourch36" parent="." instance=ExtResource("28_hacfn")]
transform = Transform3D(0.99851215, 0, 0.054531828, 0, 1, 0, -0.054531828, 0, 0.99851215, 6.387849, 3.964369, 21.074154)

[node name="Tourch37" parent="." instance=ExtResource("28_hacfn")]
transform = Transform3D(0.99851215, 0, 0.054531828, 0, 1, 0, -0.054531828, 0, 0.99851215, 16.692146, 3.964369, 21.074154)

[node name="Tourch38" parent="." instance=ExtResource("28_hacfn")]
transform = Transform3D(0.020924918, 0, -0.99978113, 0, 1, 0, 0.99978113, 0, 0.020924918, 22.046797, 3.964369, 29.530245)

[node name="Tourch39" parent="." instance=ExtResource("28_hacfn")]
transform = Transform3D(0.020924918, 0, -0.99978113, 0, 1, 0, 0.99978113, 0, 0.020924918, 22.046797, 3.964369, 42.866863)

[node name="Tourch40" parent="." instance=ExtResource("28_hacfn")]
transform = Transform3D(0.020924918, 0, -0.99978113, 0, 1, 0, 0.99978113, 0, 0.020924918, 22.046797, 3.964369, 53.73782)

[node name="Tourch7" parent="." instance=ExtResource("28_hacfn")]
transform = Transform3D(-0.13533509, 0, 0.9907999, 0, 1, 0, -0.9907999, 0, -0.13533509, 16.478983, 3.964369, -3.8098454)

[node name="Tourch8" parent="." instance=ExtResource("28_hacfn")]
transform = Transform3D(-0.13533509, 0, 0.9907999, 0, 1, 0, -0.9907999, 0, -0.13533509, 16.478983, 3.964369, -24.68295)

[node name="Tourch9" parent="." instance=ExtResource("28_hacfn")]
transform = Transform3D(0.99876827, 0, -0.049616836, 0, 1, 0, 0.049616836, 0, 0.99876827, 55.88309, 3.964369, -29.649652)

[node name="Tourch10" parent="." instance=ExtResource("28_hacfn")]
transform = Transform3D(0.99876827, 0, -0.049616836, 0, 1, 0, 0.049616836, 0, 0.99876827, 37.48516, 10.948862, -29.649652)

[node name="Tourch11" parent="." instance=ExtResource("28_hacfn")]
transform = Transform3D(0.99876827, 0, -0.049616836, 0, 1, 0, 0.049616836, 0, 0.99876827, 56.215454, 18.068474, -29.649652)

[node name="Tourch12" parent="." instance=ExtResource("28_hacfn")]
transform = Transform3D(-0.111451626, 0, -0.9937698, 0, 1, 0, 0.9937698, 0, -0.111451626, 67.15325, 18.068474, -16.532928)

[node name="Tourch13" parent="." instance=ExtResource("28_hacfn")]
transform = Transform3D(-0.111451626, 0, -0.9937698, 0, 1, 0, 0.9937698, 0, -0.111451626, 67.15325, 4.786434, -9.33588)

[node name="Tourch14" parent="." instance=ExtResource("28_hacfn")]
transform = Transform3D(-0.99908733, 0, 0.04271266, 0, 1, 0, -0.04271266, 0, -0.99908733, 48.425407, 4.0484295, 8.12033)

[node name="Tourch15" parent="." instance=ExtResource("28_hacfn")]
transform = Transform3D(-0.99908733, 0, 0.04271266, 0, 1, 0, -0.04271266, 0, -0.99908733, 27.403467, 4.0484295, 8.12033)

[node name="Tourch16" parent="." instance=ExtResource("28_hacfn")]
transform = Transform3D(-0.99908733, 0, 0.04271266, 0, 1, 0, -0.04271266, 0, -0.99908733, 46.50364, 23.02494, 8.12033)

[connection signal="all_enemies_defeated" from="EnemyManager" to="Choice_Tray_Spawn" method="spawn_collectible_tray"]
[connection signal="all_enemies_defeated" from="EnemyManager2" to="Choice_Tray_Spawn2" method="spawn_collectible_tray"]
[connection signal="all_enemies_defeated" from="EnemyManager3" to="Choice_Tray_Spawn3" method="spawn_collectible_tray"]
